1.9568115e-05 999999995904  5.2584991

1.9613259e-05 1002305224704               5.2585001

1.9658508e-05 1004615761920               5.2585006

1.9703861e-05 1006931673088               5.2585011

1.9749319e-05 1009252892672               5.2585015

1.9794881e-05 1011579486208               5.2585025

1.9840547e-05 1013911388160               5.258503

1.9886322e-05 1016248664064               5.2585034

1.9932198e-05 1018591379456               5.2585044

1.9978186e-05 1020939468800               5.2585049

2.0024276e-05 1023292997632               5.2585053

2.0070473e-05 1025651900416               5.2585063

2.0116779e-05 1028016308224               5.2585068

2.016319e-05    1030386089984               5.2585073

2.0209709e-05 1032761376768               5.2585077

2.0256335e-05 1035142168576               5.2585087

2.0303069e-05 1037528399872               5.2585092

2.0349911e-05 1039920136192               5.2585096

2.0396861e-05 1042317443072               5.2585106

2.044392e-05    1044720189440               5.2585111

2.0491087e-05 1047128571904               5.258512

2.0538364e-05 1049542459392               5.2585125

2.0585749e-05 1051961851904               5.258513

2.0633244e-05 1054386880512               5.2585135

2.0680849e-05 1056817479680               5.2585144

2.0728565e-05 1059253714944               5.2585154

2.0776391e-05 1061695586304               5.2585158

2.0824327e-05 1064143028224               5.2585163

2.0872374e-05 1066596106240               5.2585173

2.0920532e-05 1069054885888               5.2585177

2.0968801e-05 1071519301632               5.2585182

2.1017182e-05 1073989419008               5.2585192

2.1065674e-05 1076465238016               5.2585196

2.1114278e-05 1078946693120               5.2585206

2.1162994e-05 1081433980928               5.2585211

2.1211823e-05 1083926904832               5.258522

2.1260767e-05 1086425595904               5.2585225

2.1309821e-05 1088930119680               5.2585235

2.1358992e-05 1091440345088               5.2585239

2.1408272e-05 1093956337664               5.2585249

2.145767e-05    1096478228480               5.2585254

2.150718e-05    1099005820928               5.2585263

2.1556805e-05 1101539311616               5.2585268

2.1606544e-05 1104078569472               5.2585278

2.1656399e-05 1106623725568               5.2585282

2.1706368e-05 1109174779904               5.2585292

2.1756456e-05 1111731732480               5.2585297

2.1806658e-05 1114294583296               5.2585306

2.1856973e-05 1116863201280               5.2585311

2.1907406e-05 1119437848576               5.258532

2.1957956e-05 1122018394112               5.2585325

2.2008626e-05 1124604968960               5.2585335

2.2059408e-05 1127197442048               5.258534

2.2110311e-05 1129795944448               5.2585349

2.216133e-05    1132400345088               5.2585359

2.2212467e-05 1135010775040               5.2585363

2.2263723e-05 1137627234304               5.2585373

2.2315096e-05 1140249722880               5.2585378

2.236659e-05    1142878371840               5.2585387

2.2418202e-05 1145512919040               5.2585397

2.2469934e-05 1148153626624               5.2585402

2.2521785e-05 1150800363520               5.2585411

2.2573755e-05 1153453260800               5.2585421

2.2625845e-05 1156112187392               5.2585425

2.2678058e-05 1158777405440               5.2585435

2.2730392e-05 1161448652800               5.2585444

2.2782844e-05 1164126060544               5.2585449

2.2835418e-05 1166809628672               5.2585459

2.2888113e-05 1169499357184               5.2585468

2.2940932e-05 1172195377152               5.2585478

2.2993871e-05 1174897557504               5.2585483

2.3046936e-05 1177606029312               5.2585492

2.310012e-05    1180320661504               5.2585502

2.3153427e-05 1183041585152               5.2585506

2.320686e-05    1185768800256               5.2585516

2.3260411e-05 1188502175744               5.2585526

2.3314091e-05 1191241973760               5.2585535

2.3367893e-05 1193988063232               5.258554

2.3421824e-05 1196740575232               5.2585549

2.3475874e-05 1199499247616               5.2585559

2.3530054e-05 1202264473600               5.2585568

2.3584354e-05 1205035991040               5.2585578

2.363878e-05    1207813799936               5.2585583

2.3693336e-05 1210598162432               5.2585592

2.3748016e-05 1213388816384               5.2585602

2.3802824e-05 1216186023936               5.2585611

2.385776e-05    1218989654016               5.2585621

2.3912819e-05 1221799706624               5.258563

2.3968005e-05 1224616181760               5.2585635

2.4023318e-05 1227439210496               5.2585645

2.4078765e-05 1230268792832               5.2585654

2.4134333e-05 1233104797696               5.2585664

2.4190038e-05 1235947487232               5.2585673

2.4245866e-05 1238796599296               5.2585683

2.4301822e-05 1241652264960               5.2585692

2.4357911e-05 1244514615296               5.2585702

2.4414128e-05 1247383519232               5.2585711

2.4470475e-05 1250258976768               5.2585721

2.4526953e-05 1253141118976               5.2585726

2.4583562e-05 1256029945856               5.2585735

2.4640303e-05 1258925457408               5.2585745

2.469717e-05    1261827522560               5.2585759

2.4754176e-05 1264736403456               5.2585764

2.4811307e-05 1267651837952               5.2585773

2.4868574e-05 1270574088192               5.2585783

2.4925974e-05 1273503023104               5.2585797

2.4983507e-05 1276438773760               5.2585802

2.5041172e-05 1279381340160               5.2585812

2.5098969e-05 1282330591232               5.2585826

2.51569e-05      1285286658048               5.2585835

2.5214966e-05 1288249540608               5.2585845

2.5273166e-05 1291219238912               5.2585855

2.5331505e-05 1294195884032               5.2585864

2.5389971e-05 1297179213824               5.2585874

2.544858e-05    1300169621504               5.2585883

2.5507319e-05 1303166713856               5.2585893

2.5566194e-05 1306170884096               5.2585902

2.5625208e-05 1309181870080               5.2585912

2.5684358e-05 1312199933952               5.2585926

2.5743646e-05 1315224813568               5.2585931

2.580307e-05    1318256771072               5.2585945

2.5862633e-05 1321295675392               5.2585955

2.5922331e-05 1324341526528               5.2585964

2.5982168e-05 1327394455552               5.2585974

2.6042144e-05 1330454462464               5.2585983

2.610226e-05    1333521416192               5.2585998

2.6162514e-05 1336595578880               5.2586007

2.6222908e-05 1339676688384               5.2586017

2.6283442e-05 1342765006848               5.2586026

2.6344114e-05 1345860403200               5.258604

2.6404927e-05 1348962877440               5.258605

2.6465881e-05 1352072560640               5.258606

2.6526977e-05 1355189452800               5.2586069

2.6588214e-05 1358313422848               5.2586083

2.6649594e-05 1361444732928               5.2586093

2.6711114e-05 1364583120896               5.2586102

2.6772779e-05 1367728848896               5.2586112

2.6834581e-05 1370881785856               5.2586126

2.6896532e-05 1374041931776               5.2586136

2.6958623e-05 1377209417728               5.258615

2.7020862e-05 1380384243712               5.258616

2.7083244e-05 1383566409728               5.2586169

2.7145767e-05 1386755784704               5.2586184

2.7208436e-05 1389952630784               5.2586193

2.7271253e-05 1393156816896               5.2586203

2.7334212e-05 1396368343040               5.2586217

2.7397318e-05 1399587340288               5.2586226

2.7460568e-05 1402813677568               5.2586241

2.7523967e-05 1406047485952               5.258625

2.7587514e-05 1409288765440               5.2586265

2.7651206e-05 1412537516032               5.2586274

2.7715045e-05 1415793737728               5.2586288

2.7779035e-05 1419057561600               5.2586298

2.7843171e-05 1422328725504               5.2586312

2.7907456e-05 1425607622656               5.2586322

2.797189e-05    1428893990912               5.2586336

2.8036473e-05 1432187961344               5.258635

2.8101203e-05 1435489402880               5.258636

2.8166087e-05 1438798577664               5.258637

2.8231118e-05 1442115354624               5.2586384

2.8296301e-05 1445439733760               5.2586398

2.8361635e-05 1448771846144               5.2586408

2.8427121e-05 1452111560704               5.2586422

2.8492761e-05 1455459139584               5.2586432

2.8558548e-05 1458814320640               5.2586446

2.862449e-05    1462177234944               5.258646

2.8690585e-05 1465547882496               5.258647

2.8756831e-05 1468926263296               5.2586484

2.8823235e-05 1472312508416               5.2586498

2.8889786e-05 1475706486784               5.2586513

2.8956496e-05 1479108329472               5.2586522

2.9023358e-05 1482518036480               5.2586536

2.9090379e-05 1485935607808               5.2586551

2.9157552e-05 1489361043456               5.258656

2.9224882e-05 1492794474496               5.2586575

2.9292367e-05 1496235638784               5.2586589

2.9360008e-05 1499684798464               5.2586603

2.9427805e-05 1503141953536               5.2586617

2.9495764e-05 1506607104000               5.2586627

2.9563875e-05 1510080118784               5.2586646

2.9632149e-05 1513561260032               5.2586656

2.9700577e-05 1517050396672               5.258667

2.9769164e-05 1520547528704               5.2586684

2.9837909e-05 1524052787200               5.2586699

2.9906818e-05 1527566041088               5.2586713

2.9975881e-05 1531087421440               5.2586727

3.0045107e-05 1534616928256               5.2586741

3.0114496e-05 1538154692608               5.2586751

3.0184041e-05 1541700452352               5.2586765

3.025375e-05    1545254469632               5.258678

3.0323619e-05 1548816613376               5.2586794

3.039365e-05    1552387014656               5.2586813

3.0463847e-05 1555965673472               5.2586823

3.05342e-05      1559552458752               5.2586837

3.0604722e-05 1563147632640               5.2586851

3.0675405e-05 1566751064064               5.2586865

3.0746251e-05 1570362753024               5.258688

3.0817264e-05 1573982830592               5.2586899

3.0888441e-05 1577611296768               5.2586913

3.0959778e-05 1581248020480               5.2586927

3.1031286e-05 1584893132800               5.2586942

3.1102958e-05 1588546764800               5.2586956

3.1174797e-05 1592208785408               5.258697

3.1246804e-05 1595879194624               5.2586985

3.1318974e-05 1599557992448               5.2586999

3.1391311e-05 1603245441024               5.2587018

3.146382e-05    1606941278208               5.2587032

3.1536496e-05 1610645635072               5.2587047

3.1609339e-05 1614358511616               5.2587061

3.1682353e-05 1618080038912               5.258708

3.1755535e-05 1621810085888               5.2587094

3.1828884e-05 1625548783616               5.2587109

3.1902407e-05 1629296001024               5.2587123

3.1976102e-05 1633052000256               5.2587142

3.2049964e-05 1636816519168               5.2587156

3.2124e-05         1640589819904               5.2587175

3.2198204e-05 1644371771392               5.258719

3.2272583e-05 1648162373632               5.2587204

3.2347132e-05 1651961757696               5.2587218

3.2421856e-05 1655769923584               5.2587237

3.2496755e-05 1659586871296               5.2587252

3.2571825e-05 1663412600832               5.2587271

3.2647069e-05 1667247243264               5.2587285

3.2722492e-05 1671090667520               5.2587304

3.2798085e-05 1674942873600               5.2587318

3.2873853e-05 1678803992576               5.2587337

3.29498e-05      1682674024448               5.2587352

3.3025921e-05 1686552969216               5.2587371

3.310222e-05    1690440957952               5.2587385

3.3178698e-05 1694337859584               5.2587404

3.325535e-05    1698243674112               5.2587419

3.333218e-05    1702158532608               5.2587438

3.3409193e-05 1706082435072               5.2587457

3.3486376e-05 1710015250432               5.2587471

3.3563745e-05 1713957371904               5.258749

3.3641292e-05 1717908406272               5.2587509

3.3719018e-05 1721868615680               5.2587523

3.3796925e-05 1725837869056               5.2587543

3.3875014e-05 1729816297472               5.2587562

3.3953285e-05 1733804032000               5.2587576

3.4031735e-05 1737800810496               5.2587595

3.411037e-05    1741806895104               5.2587614

3.4189183e-05 1745822154752               5.2587633

3.4268181e-05 1749846720512               5.2587652

3.4347362e-05 1753880461312               5.2587667

3.4426728e-05 1757923639296               5.2587686

3.4506276e-05 1761975992320               5.2587705

3.4586013e-05 1766037782528               5.2587724

3.4665933e-05 1770109009920               5.2587743

3.4746037e-05 1774189543424               5.2587762

3.4826327e-05 1778279383040               5.2587781

3.4906807e-05 1782378790912               5.25878

3.4987472e-05 1786487635968               5.2587819

3.5068326e-05 1790605918208               5.2587833

3.5149362e-05 1794733637632               5.2587857

3.5230591e-05 1798870925312               5.2587876

3.5312005e-05 1803017781248               5.2587895

3.5393608e-05 1807174074368               5.2587914

3.5475405e-05 1811340066816               5.2587934

3.555739e-05    1815515627520               5.2587953

3.5639569e-05 1819700887552               5.2587972

3.5721932e-05 1823895715840               5.2587991

3.5804493e-05 1828100243456               5.258801

3.5887242e-05 1832314470400               5.2588029

3.5970184e-05 1836538396672               5.2588053

3.6053316e-05 1840772022272               5.2588072

3.6136644e-05 1845015478272               5.2588091

3.6220164e-05 1849268633600               5.258811

3.6303882e-05 1853531619328               5.2588129

3.6387788e-05 1857804435456               5.2588153

3.6471891e-05 1862087081984               5.2588172

3.6556194e-05 1866379689984               5.2588191

3.6640689e-05 1870682128384               5.2588215

3.6725382e-05 1874994528256               5.2588234

3.681027e-05    1879316758528               5.2588258

3.6895355e-05 1883649081344               5.2588277

3.698064e-05    1887991365632               5.2588296

3.7066122e-05 1892343611392               5.258832

3.7151804e-05 1896705949696               5.2588344

3.7237682e-05 1901078249472               5.2588363

3.7323764e-05 1905460772864               5.2588382

3.7410045e-05 1909853257728               5.2588406

3.7496524e-05 1914255966208               5.2588425

3.7583206e-05 1918668767232               5.2588449

3.7670088e-05 1923091791872               5.2588472

3.7757174e-05 1927524909056               5.2588491

3.784446e-05    1931968380928               5.2588515

3.793195e-05    1936421945344               5.2588539

3.8019643e-05 1940885864448               5.2588558

3.8107541e-05 1945360138240               5.2588582

3.8195645e-05 1949844635648               5.2588606

3.828395e-05    1954339487744               5.2588625

3.8372462e-05 1958844694528               5.2588649

3.8461181e-05 1963360256000               5.2588673

3.8550104e-05 1967886303232               5.2588696

3.8639235e-05 1972422705152               5.258872

3.8728573e-05 1976969592832               5.2588744

3.8818122e-05 1981526966272               5.2588763

3.8907878e-05 1986094956544               5.2588787

3.8997838e-05 1990673301504               5.2588811

3.9088009e-05 1995262263296               5.2588835

3.9178391e-05 1999861841920               5.2588859

3.9268987e-05 2004472037376               5.2588882

3.9359787e-05 2009092849664               5.2588906

3.9450802e-05 2013724278784               5.258893

3.9542028e-05 2018366324736               5.2588954

3.9633465e-05 2023019118592               5.2588978

3.9725117e-05 2027682660352               5.2589002

3.9816983e-05 2032356950016               5.2589025

3.9909064e-05 2037042118656               5.2589054

4.0001356e-05 2041737904128               5.2589078

4.0093862e-05 2046444699648               5.2589102

4.0186584e-05 2051162243072               5.2589126

4.0279519e-05 2055890534400               5.2589154

4.0372677e-05 2060629966848               5.2589178

4.046605e-05    2065380147200               5.2589202

4.055964e-05    2070141337600               5.2589226

4.0653445e-05 2074913538048               5.2589254

4.0747473e-05 2079696748544               5.2589278

4.0841715e-05 2084490838016               5.2589302

4.0936178e-05 2089296068608               5.2589331

4.1030864e-05 2094112440320               5.2589355

4.1125764e-05 2098939822080               5.2589383

4.1220894e-05 2103778476032               5.2589412

4.1316238e-05 2108628140032               5.2589436

4.1411808e-05 2113489076224               5.2589464

4.1507599e-05 2118361153536               5.2589488

4.1603613e-05 2123244503040               5.2589517

4.1699848e-05 2128138993664               5.258954

4.1796309e-05 2133044887552               5.2589569

4.1892996e-05 2137962053632               5.2589598

4.1989912e-05 2142890622976               5.2589622

4.2087046e-05 2147830464512               5.258965

4.2184412e-05 2152781709312               5.2589679

4.2282001e-05 2157744357376               5.2589703

4.2379823e-05 2162718539776               5.2589731

4.2477866e-05 2167704125440               5.258976

4.2576139e-05 2172701114368               5.2589788

4.2674645e-05 2177709768704               5.2589817

4.2773379e-05 2182729957376               5.2589846

4.2872343e-05 2187761680384               5.2589874

4.2971533e-05 2192804937728               5.2589903

4.3070959e-05 2197859860480               5.2589931

4.3170618e-05 2202926579712               5.258996

4.3270509e-05 2208004833280               5.2589989

4.3370626e-05 2213094621184               5.2590017

4.3470984e-05 2218196467712               5.2590046

4.357157e-05    2223309848576               5.2590075

4.3672393e-05 2228435025920               5.2590108

4.3773456e-05 2233572261888               5.2590137

4.3874748e-05 2238721032192               5.2590165

4.3976277e-05 2243881861120               5.2590194

4.4078046e-05 2249054486528               5.2590222

4.4180051e-05 2254239170560               5.2590256

4.4282293e-05 2259435651072               5.2590284

4.4384771e-05 2264644190208               5.2590313

4.4487493e-05 2269864787968               5.2590346

4.4590455e-05 2275097444352               5.2590375

4.4693654e-05 2280342159360               5.2590408

4.4797096e-05 2285598932992               5.2590437

4.4900778e-05 2290867765248               5.259047

4.5004701e-05 2296148656128               5.2590499

4.5108867e-05 2301441867776               5.2590532

4.5213274e-05 2306747138048               5.2590561

4.5317927e-05 2312064729088               5.2590594

4.5422828e-05 2317394640896               5.2590628

4.552797e-05    2322736873472               5.2590661

4.5633351e-05 2328091164672               5.259069

4.5738987e-05 2333458038784               5.2590723

4.5844867e-05 2338837233664               5.2590756

4.5950994e-05 2344228749312               5.259079

4.6057368e-05 2349632847872               5.2590818

4.616399e-05    2355049267200               5.2590852

4.6270863e-05 2360478269440               5.2590885

4.6377983e-05 2365919592448               5.2590919

4.6485358e-05 2371373760512               5.2590952

4.6592981e-05 2376840249344               5.2590985

4.6700854e-05 2382319583232               5.2591019

4.6808978e-05 2387811237888               5.2591052

4.6917354e-05 2393315737600               5.259109

4.7025984e-05 2398832820224               5.2591124

4.7134872e-05 2404362747904               5.2591157

4.7244012e-05 2409905520640               5.259119

4.7353402e-05 2415460876288               5.2591224

4.7463054e-05 2421029076992               5.2591262

4.7572961e-05 2426610122752               5.2591295

4.7683123e-05 2432204013568               5.2591329

4.7793539e-05 2437810749440               5.2591367

4.7904221e-05 2443430592512               5.25914

4.8015154e-05 2449063280640               5.2591438

4.8126349e-05 2454708813824               5.2591472

4.8237809e-05 2460367716352               5.259151

4.8349524e-05 2466039463936               5.2591543

4.8461497e-05 2471724056576               5.2591581

4.857374e-05    2477422018560               5.2591615

4.8686241e-05 2483133087744               5.2591653

4.8799004e-05 2488857264128               5.2591691

4.8912032e-05 2494594809856               5.2591729

4.9025326e-05 2500345462784               5.2591763

4.9138882e-05 2506109222912               5.2591801

4.92527e-05      2511886352384               5.2591839

4.936679e-05    2517676851200               5.2591877

4.9481147e-05 2523480719360               5.2591915

4.9595776e-05 2529297956864               5.2591953

4.9710659e-05 2535128563712               5.2591991

4.9825827e-05 2540972802048               5.259203

4.9941253e-05 2546830147584               5.2592068

5.0056955e-05 2552701386752               5.2592106

5.0172926e-05 2558585995264               5.2592144

5.0289163e-05 2564483973120               5.2592182

5.0405684e-05 2570395844608               5.259222

5.0522463e-05 2576321085440               5.2592263

5.0639523e-05 2582260219904               5.2592301

5.0756858e-05 2588212985856               5.259234

5.0874467e-05 2594179383296               5.2592382

5.0992348e-05 2600159674368               5.2592421

5.111051e-05    2606153596928               5.2592463

5.1228944e-05 2612161413120               5.2592502

5.1347659e-05 2618183122944               5.2592545

5.1466646e-05 2624218464256               5.2592583

5.1585917e-05 2630267961344               5.2592626

5.1705465e-05 2636331352064               5.2592669

5.1825296e-05 2642408636416               5.2592707

5.1945404e-05 2648500076544               5.259275

5.20658e-05      2654605672448               5.2592788

5.2186475e-05 2660725161984               5.2592831

5.2307427e-05 2666858545152               5.2592874

5.2428662e-05 2673006346240               5.2592916

5.2550186e-05 2679168303104               5.2592959

5.2672e-05         2685344415744               5.2593002

5.279409e-05    2691534684160               5.2593045

5.2916472e-05 2697739370496               5.2593088

5.3039141e-05 2703958474752               5.2593131

5.3162094e-05 2710191734784               5.2593174

5.328533e-05    2716439150592               5.2593222

5.3408861e-05 2722701246464               5.2593265

5.3532684e-05 2728977760256               5.2593307

5.3656793e-05 2735268691968               5.259335

5.3781197e-05 2741574041600               5.2593393

5.3905893e-05 2747894071296               5.2593441

5.4030883e-05 2754228781056               5.2593484

5.4156157e-05 2760577908736               5.2593532

5.4281732e-05 2766941716480               5.2593575

5.4407599e-05 2773320204288               5.2593622

5.4533764e-05 2779713372160               5.2593665

5.466022e-05    2786121220096               5.2593713

5.4786975e-05 2792543748096               5.259376

5.4914028e-05 2798981218304               5.2593808

5.5041375e-05 2805433630720               5.2593856

5.5169028e-05 2811900723200               5.2593899

5.529698e-05    2818383020032               5.2593946

5.5425226e-05 2824879996928               5.2593994

5.5553781e-05 2831391916032               5.2594042

5.5682631e-05 2837919039488               5.259409

5.581179e-05    2844461105152               5.2594137

5.5941251e-05 2851018375168               5.2594185

5.607101e-05    2857590587392               5.2594233

5.6201079e-05 2864178003968               5.2594285

5.633145e-05    2870780624896               5.2594333

5.646213e-05    2877398450176               5.259438

5.6593111e-05 2884031479808               5.2594433

5.672441e-05    2890679975936               5.2594481

5.6856014e-05 2897343676416               5.2594528

5.6987919e-05 2904022581248               5.2594581

5.7120145e-05 2910717214720               5.2594628

5.7252677e-05 2917427052544               5.2594681

5.7385514e-05 2924152356864               5.2594733

5.7518671e-05 2930893127680               5.2594781

5.7652145e-05 2937649627136               5.2594833

5.7785925e-05 2944421593088               5.2594886

5.7920024e-05 2951209287680               5.2594938

5.8054433e-05 2958012448768               5.2594991

5.8189162e-05 2964831338496               5.2595043

5.8324204e-05 2971665956864               5.2595096

5.8459569e-05 2978516303872               5.2595148

5.8595255e-05 2985382641664               5.2595201

5.8731253e-05 2992264708096               5.2595253

5.8867572e-05 2999162503168               5.2595305

5.9004215e-05 3006076289024               5.2595358

5.9141174e-05 3013006065664               5.2595415

5.927846e-05    3019951833088               5.2595468

5.941607e-05    3026913329152               5.259552

5.9553997e-05 3033891078144               5.2595577

5.9692255e-05 3040885080064               5.259563

5.983084e-05    3047895072768               5.2595687

5.9969745e-05 3054921056256               5.2595739

6.0108981e-05 3061963554816               5.2595797

6.0248545e-05 3069022044160               5.2595854

6.0388436e-05 3076096786432               5.2595911

6.0528659e-05 3083188043776               5.2595968

6.0669208e-05 3090295554048               5.2596021

6.0810093e-05 3097419317248               5.2596078

6.0951304e-05 3104559595520               5.2596135

6.1092855e-05 3111716388864               5.2596197

6.1234736e-05 3118889697280               5.2596254

6.1376944e-05 3126079258624               5.2596312

6.1519495e-05 3133285597184               5.2596369

6.1662387e-05 3140508712960               5.2596426

6.1805607e-05 3147748343808               5.2596483

6.1949169e-05 3155004751872               5.2596545

6.2093066e-05 3162277675008               5.2596602

6.2237305e-05 3169567375360               5.2596664

6.2381885e-05 3176874115072               5.2596726

6.2526808e-05 3184197632000               5.2596784

6.2672072e-05 3191537926144               5.2596846

6.2817671e-05 3198894997504               5.2596908

6.296362e-05    3206269370368               5.2596965

6.310991e-05    3213660520448               5.2597027

6.325655e-05    3221068709888               5.2597089

6.3403531e-05 3228494200832               5.2597151

6.3550862e-05 3235936468992               5.2597213

6.3698542e-05 3243396300800               5.2597275

6.3846564e-05 3250872909824               5.2597337

6.399495e-05    3258367082496               5.2597404

6.4143671e-05 3265878294528               5.2597466

6.4292748e-05 3273407070208               5.2597528

6.4442174e-05 3280952885248               5.2597594

6.4591964e-05 3288516263936               5.2597656

6.4742104e-05 3296097206272               5.2597723

6.4892592e-05 3303695450112               5.2597785

6.5043438e-05 3311311257600               5.2597852

6.5194639e-05 3318944628736               5.2597919

6.5346198e-05 3326595563520               5.259798

6.549812e-05    3334264061952               5.2598047

6.5650398e-05 3341950386176               5.2598114

6.5803033e-05 3349654274048               5.2598181

6.5956039e-05 3357376249856               5.2598248

6.6109395e-05 3365115789312               5.2598314

6.6263121e-05 3372873154560               5.2598381

6.6417211e-05 3380648345600               5.2598453

6.6571665e-05 3388441624576               5.2598519

6.6726476e-05 3396252729344               5.2598586

6.6881665e-05 3404081922048               5.2598658

6.703721e-05    3411929202688               5.2598724

6.7193127e-05 3419794309120               5.2598796

6.7349414e-05 3427677765632               5.2598867

6.750608e-05    3435579572224               5.2598934

6.7663103e-05 3443499204608               5.2599006

6.7820511e-05 3451437449216               5.2599077

6.7978275e-05 3459393781760               5.2599149

6.8136425e-05 3467368464384               5.259922

6.8294947e-05 3475361497088               5.2599292

6.8453846e-05 3483373142016               5.2599363

6.8613117e-05 3491403137024               5.2599435

6.8772773e-05 3499451744256               5.2599506

6.8932801e-05 3507518701568               5.2599583

6.9093214e-05 3515604533248               5.2599654

6.9253998e-05 3523708715008               5.259973

6.9415168e-05 3531831771136               5.2599802

6.9576723e-05 3539973439488               5.2599878

6.9738657e-05 3548133982208               5.259995

6.9900976e-05 3556313137152               5.2600026

7.0063681e-05 3564511428608               5.2600102

7.0226772e-05 3572728332288               5.2600179

7.0390248e-05 3580964372480               5.2600255

7.0554117e-05 3589219287040               5.2600331

7.0718364e-05 3597493338112               5.2600408

7.0883012e-05 3605786525696               5.2600484

7.1048045e-05 3614098587648               5.2600565

7.1213472e-05 3622430048256               5.2600641

7.1379298e-05 3630780645376               5.2600718

7.1545503e-05 3639150379008               5.2600799

7.1712115e-05 3647539511296               5.260088

7.187912e-05    3655948042240               5.2600956

7.2046518e-05 3664375709696               5.2601037

7.2214316e-05 3672823037952               5.2601118

7.2382514e-05 3681289764864               5.2601199

7.2551105e-05 3689775890432               5.260128

7.2720104e-05 3698281676800               5.2601361

7.2889503e-05 3706807123968               5.2601442

7.3059309e-05 3715352231936               5.2601523

7.3229516e-05 3723917000704               5.2601604

7.340013e-05    3732501692416               5.260169

7.3571144e-05 3741105782784               5.2601771

7.3742573e-05 3749730058240               5.2601857

7.3914402e-05 3758373994496               5.2601938

7.4086645e-05 3767038115840               5.2602024

7.4259289e-05 3775721897984               5.260211

7.4432355e-05 3784425865216               5.2602196

7.4605821e-05 3793149755392               5.2602282

7.4779717e-05 3801894092800               5.2602363

7.4954012e-05 3810658353152               5.2602453

7.512873e-05    3819442798592               5.2602539

7.5303855e-05 3828247429120               5.2602625

7.5479409e-05 3837072506880               5.2602711

7.5655378e-05 3845917769728               5.2602801

7.5831762e-05 3854783479808               5.2602892

7.6008575e-05 3863669899264               5.2602978

7.6185795e-05 3872576503808               5.2603068

7.6363453e-05 3881503555584               5.2603159

7.6541532e-05 3890451578880               5.260325

7.6720025e-05 3899419787264               5.260334

7.6898956e-05 3908408967168               5.2603431

7.7078308e-05 3917418856448               5.2603521

7.725809e-05    3926449455104               5.2603612

7.7438293e-05 3935500763136               5.2603703

7.7618934e-05 3944573042688               5.2603798

7.780001e-05    3953666293760               5.2603889

7.7981509e-05 3962780254208               5.2603984

7.8163444e-05 3971915448320               5.2604074

7.8345824e-05 3981071613952               5.260417

7.8528625e-05 3990249013248               5.2604265

7.871187e-05    3999447384064               5.2604361

7.8895551e-05 4008667250688               5.2604456

7.9079669e-05 4017908088832               5.2604551

7.9264239e-05 4027170422784               5.2604651

7.9449237e-05 4036453990400               5.2604747

7.9634679e-05 4045758791680               5.2604842

7.9820566e-05 4055085350912               5.2604942

8.0006903e-05 4064433405952               5.2605042

8.0193677e-05 4073802694656               5.2605138

8.0380902e-05 4083193741312               5.2605238

8.0568578e-05 4092606545920               5.2605338

8.0756698e-05 4102041108480               5.2605438

8.0945269e-05 4111497166848               5.2605538

8.1134298e-05 4120975245312               5.2605639

8.1323778e-05 4130475081728               5.2605739

8.1513703e-05 4139996676096               5.2605844

8.1704093e-05 4149540552704               5.2605944

8.1894934e-05 4159106187264               5.2606049

8.2086233e-05 4168693841920               5.2606153

8.2277998e-05 4178303778816               5.2606254

8.2470215e-05 4187935735808               5.2606359

8.2662889e-05 4197589712896               5.2606463

8.285603e-05    4207266234368               5.2606573

8.3049636e-05 4216965038080               5.2606678

8.3243707e-05 4226686124032               5.2606783

8.3438237e-05 4236429754368               5.2606888

8.363324e-05    4246195666944               5.2606997

8.3828709e-05 4255984123904               5.2607107

8.4024643e-05 4265795125248               5.2607212

8.4221057e-05 4275628933120               5.2607322

8.4417938e-05 4285485285376               5.2607431

8.4615291e-05 4295364182016               5.2607541

8.4813117e-05 4305266147328               5.2607651

8.5011416e-05 4315190657024               5.2607765

8.5210195e-05 4325138235392               5.2607875

8.5409454e-05 4335108882432               5.2607985

8.5609201e-05 4345102336000               5.2608099

8.5809414e-05 4355118858240               5.2608213

8.6010114e-05 4365158449152               5.2608328

8.6211294e-05 4375221108736               5.2608438

8.6412962e-05 4385307099136               5.2608552

8.6615109e-05 4395416158208               5.2608671

8.6817745e-05 4405548548096               5.2608786

8.7020868e-05 4415704530944               5.26089

8.7224478e-05 4425883582464               5.2609019

8.7428583e-05 4436086226944               5.2609134

8.7633183e-05 4446312464384               5.2609253

8.7838271e-05 4456562294784               5.2609372

8.8043853e-05 4466835718144               5.2609491

8.8249944e-05 4477133258752               5.2609611

8.8456516e-05 4487453868032               5.260973

8.866359e-05    4497798594560               5.2609849

8.8871166e-05 4508166914048               5.2609973

8.9079236e-05 4518559350784               5.2610092

8.9287816e-05 4528975904768               5.2610216

8.9496898e-05 4539416051712               5.2610335

8.9706482e-05 4549880840192               5.2610459

8.9916575e-05 4560369221632               5.2610588

9.0127163e-05 4570881720320               5.2610712

9.0338275e-05 4581418860544               5.2610836

9.0549896e-05 4591980118016               5.261096

9.076202e-05    4602565492736               5.2611089

9.097466e-05    4613175508992               5.2611213

9.1187816e-05 4623810166784               5.2611341

9.1401482e-05 4634468941824               5.261147

9.1615671e-05 4645152882688               5.2611599

9.1830378e-05 4655860940800               5.2611728

9.20456e-05      4666593640448               5.2611856

9.2261354e-05 4677351505920               5.261199

9.2477618e-05 4688134012928               5.2612119

9.2694412e-05 4698941161472               5.2612252

9.2911738e-05 4709773475840               5.2612386

9.3129573e-05 4720630431744               5.2612514

9.3347939e-05 4731512553472               5.2612653

9.3566843e-05 4742419841024               5.2612786

9.3786271e-05 4753352294400               5.261292

9.4006231e-05 4764309913600               5.2613053

9.4226722e-05 4775292698624               5.2613192

9.4447765e-05 4786301173760               5.2613325

9.4669318e-05 4797334290432               5.2613463

9.4891431e-05 4808393621504               5.2613602

9.5114076e-05 4819478118400               5.261374

9.5337251e-05 4830587781120               5.2613878

9.5560979e-05 4841723658240               5.2614021

9.5785261e-05 4852885225472               5.261416

9.6010059e-05 4864071958528               5.2614303

9.6235432e-05 4875284905984               5.2614446

9.6461335e-05 4886523543552               5.2614589

9.66878e-05      4897788395520               5.2614732

9.691481e-05    4909078937600               5.2614875

9.7142365e-05 4920395169792               5.2615018

9.7370481e-05 4931738140672               5.2615161

9.7599142e-05 4943106801664               5.2615309

9.7828372e-05 4954501677056               5.2615457

9.8058161e-05 4965923291136               5.2615604

9.8288496e-05 4977370595328               5.2615752

9.8519398e-05 4988844638208               5.26159

9.8750868e-05 5000345419776               5.2616048

9.8982906e-05 5011872415744               5.2616196

9.9215504e-05 5023426150400               5.2616348

9.9448662e-05 5035006099456               5.2616501

9.9682395e-05 5046612787200               5.2616653

9.991671e-05    5058246737920               5.2616806

0.00010015157 5069906903040               5.2616959

0.00010038702 5081594331136               5.2617111

0.00010062304 5093308497920               5.2617269

0.00010085964 5105049927680               5.2617426

0.00010109681 5116818096128               5.2617579

0.00010133458 5128614051840               5.2617741

0.00010157291 5140436746240               5.2617898

0.00010181184 5152286703616               5.2618055

0.00010205134 5164163923968               5.2618213

0.00010229142 5176068407296               5.2618375

0.0001025321   5188000153600               5.2618532

0.00010277337 5199960211456               5.2618694

0.00010301523 5211947008000               5.2618856

0.00010325768 5223962116096               5.2619023

0.00010350072 5236004487168               5.2619185

0.00010374436 5248074645504               5.2619348

0.00010398859 5260172591104               5.2619514

0.00010423343 5272298848256               5.2619681

0.00010447886 5284452368384               5.2619848

0.00010472489 5296634200064               5.2620015

0.00010497153 5308844343296               5.2620187

0.00010521879 5321082798080               5.2620354

0.00010546663 5333349040128               5.2620525

0.00010571509 5345643593728               5.2620692

0.00010596417 5357966458880               5.2620869

0.00010621384 5370318159872               5.262104

0.00010646414 5382697648128               5.2621212

0.00010671505 5395105972224               5.2621388

0.00010696658 5407543132160               5.262156

0.00010721874 5420009127936               5.2621737

0.00010747149 5432503435264               5.2621913

0.00010772488 5445026578432               5.2622094

0.00010797889 5457578557440               5.2622271

0.00010823352 5470159372288               5.2622447

0.00010848879 5482769547264               5.2622628

0.00010874468 5495408558080               5.2622809

0.00010900121 5508076929024               5.2622991

0.00010925836 5520774135808               5.2623172

0.00010951616 5533501227008               5.2623358

0.00010977458 5546257154048               5.2623539

0.00011003365 5559042441216               5.2623725

0.00011029335 5571857612800               5.2623911

0.0001105537   5584702144512               5.2624097

0.00011081469 5597576036352               5.2624283

0.00011107632 5610479812608               5.2624474

0.0001113386   5623413473280               5.2624664

0.00011160153 5636376494080               5.2624855

0.00011186511 5649369923584               5.2625046

0.00011212933 5662392713216               5.2625237

0.00011239421 5675445911552               5.2625432

0.00011265976 5688529518592               5.2625623

0.00011292594 5701642485760               5.2625818

0.0001131928   5714786385920               5.2626014

0.00011346032 5727960170496               5.2626209

0.00011372849 5741164363776               5.2626405

0.00011399734 5754399490048               5.2626605

0.00011426685 5767664500736               5.2626805

0.00011453703 5780960444416               5.2627006

0.00011480788 5794286796800               5.2627206

0.00011507941 5807644082176               5.2627411

0.00011535161 5821032300544               5.2627611

0.00011562447 5834450927616               5.2627816

0.00011589802 5847901011968               5.2628021

0.00011617225 5861381505024               5.2628226

0.00011644716 5874893455360               5.2628431

0.00011672275 5888436338688               5.2628641

0.00011699904 5902010679296               5.2628851

0.00011727601 5915616477184               5.2629061

0.00011755367 5929253208064               5.2629271

0.00011783202 5942921396224               5.262948

0.00011811106 5956621565952               5.2629695

0.0001183908   5970352668672               5.262991

0.00011867123 5984115752960               5.2630124

0.00011895237 5997910818816               5.2630339

0.0001192342   6011737341952               5.2630553

0.00011951674 6025595846656               5.2630773

0.0001198          6039486332928               5.2630992

0.00012008394 6053408800768               5.2631211

0.0001203686   6067363250176               5.2631435

0.00012065399 6081350205440               5.2631655

0.00012094007 6095369142272               5.2631879

0.00012122686 6109420060672               5.2632103

0.00012151439 6123504009216               5.2632327

0.00012180262 6137619939328               5.2632551

0.00012209159 6151768899584               5.263278

0.00012238126 6165949841408               5.2633009

0.00012267167 6180163813376               5.2633238

0.00012296283 6194410815488               5.2633467

0.00012325468 6208690323456               5.26337

0.00012354729 6223002861568               5.2633929

0.00012384063 6237348429824               5.2634163

0.00012413469 6251727028224               5.2634401

0.0001244295   6266138656768               5.2634635

0.00012472505 6280583839744               5.2634873

0.00012502134 6295062052864               5.2635112

0.00012531837 6309573296128               5.263535

0.00012561616 6324118618112               5.2635589

0.0001259147   6338696970240               5.2635832

0.00012621398 6353309401088               5.2636075

0.00012651403 6367955386368               5.2636318

0.00012681482 6382634926080               5.2636561

0.00012711636 6397348544512               5.2636809

0.00012741867 6412095717376               5.2637053

0.00012772174 6426876968960               5.26373

0.00012802558 6441692823552               5.2637553

0.0001283302   6456542232576               5.2637801

0.00012863557 6471426244608               5.2638054

0.00012894171 6486344335360               5.2638307

0.00012924864 6501297029120               5.2638559

0.00012955633 6516283801600               5.2638817

0.00012986481 6531305701376               5.2639074

0.00013017406 6546361679872               5.2639332

0.0001304841   6561452785664               5.2639589

0.00013079491 6576578494464               5.2639852

0.00013110651 6591738806272               5.2640109

0.00013141891 6606934245376               5.2640371

0.0001317321   6622164811776               5.2640638

0.00013204609 6637430505472               5.2640901

0.00013236086 6652731326464               5.2641168

0.00013267645 6668067799040               5.2641435

0.00013299283 6683439398912               5.2641706

0.00013331002 6698846126080               5.2641973

0.000133628     6714288504832               5.2642245

0.0001339468   6729766535168               5.2642517

0.0001342664   6745280217088               5.2642794

0.00013458682 6760829550592               5.2643065

0.00013490807 6776415059968               5.2643342

0.00013523013 6792036220928               5.2643623

0.00013555301 6807693557760               5.26439

0.0001358767   6823387070464               5.2644181

0.00013620123 6839116234752               5.2644463

0.00013652659 6854882099200               5.2644744

0.00013685276 6870684139520               5.264503

0.00013717978 6886522880000               5.2645316

0.00013750762 6902397796352               5.2645602

0.00013783634 6918309937152               5.2645893

0.00013816587 6934258253824               5.2646179

0.00013849624 6950243270656               5.2646475

0.00013882744 6966264987648               5.2646766

0.00013915951 6982323929088               5.2647057

0.00013949245 6998420094976               5.2647352

0.00013982621 7014552961024               5.2647648

0.00014016083 7030723051520               5.2647948

0.00014049633 7046930890752               5.2648249

0.00014083266 7063175430144               5.2648549

0.00014116988 7079457718272               5.2648849

0.00014150796 7095777755136               5.2649155

0.0001418469   7112135016448               5.264946

0.00014218672 7128530550784               5.2649765

0.00014252741 7144963309568               5.2650075

0.00014286897 7161434341376               5.265038

0.00014321142 7177943121920               5.2650695

0.00014355476 7194489651200               5.2651005

0.00014389897 7211074977792               5.265132

0.00014424407 7227698053120               5.2651634

0.00014459006 7244359401472               5.2651954

0.00014493694 7261059547136               5.2652268

0.00014528472 7277797965824               5.2652588

0.00014563341 7294575181824               5.2652912

0.00014598298 7311390670848               5.2653232

0.00014633348 7328245481472               5.2653556

0.00014668486 7345138565120               5.2653885

0.00014703716 7362070970368               5.2654209

0.00014739037 7379042172928               5.2654538

0.0001477445   7396052697088               5.2654872

0.00014809956 7413102542848               5.2655201

0.00014845553 7430191185920               5.2655535

0.00014881241 7447319674880               5.2655869

0.00014917023 7464487485440               5.2656207

0.00014952899 7481695141888               5.2656546

0.00014988866 7498942119936               5.2656884

0.00015024928 7516228943872               5.2657228

0.00015061084 7533555613696               5.2657571

0.00015097333 7550922129408               5.2657914

0.00015133678 7568329015296               5.2658262

0.00015170117 7585775747072               5.265861

0.0001520665   7603262849024               5.2658958

0.0001524328   7620790321152               5.2659311

0.00015280004 7638357639168               5.2659664

0.00015316824 7655965851648               5.2660017

0.00015353742 7673614958592               5.2660375

0.00015390755 7691304435712               5.2660732

0.00015427865 7709034807296               5.266109

0.00015465073 7726806073344               5.2661452

0.00015502378 7744618233856               5.2661815

0.00015539779 7762471288832               5.2662177

0.0001557728   7780365762560               5.2662549

0.00015614879 7798301130752               5.2662916

0.00015652576 7816277917696               5.2663283

0.00015690374 7834296647680               5.2663655

0.00015728269 7852356272128               5.2664032

0.00015766264 7870457839616               5.2664404

0.00015804361 7888601350144               5.2664781

0.00015842557 7906786279424               5.2665162

0.00015880851 7925013151744               5.2665539

0.0001591925   7943282491392               5.2665925

0.00015957748 7961593249792               5.2666306

0.00015996349 7979946999808               5.2666693

0.00016035051 7998342692864               5.2667079

0.00016073855 8016780853248               5.266747

0.00016112762 8035261480960               5.2667861

0.00016151772 8053784576000               5.2668257

0.00016190884 8072350138368               5.2668653

0.00016230102 8090959216640               5.2669048

0.00016269421 8109610762240               5.2669444

0.00016308845 8128305299456               5.2669849

0.00016348374 8147042828288               5.267025

0.00016388009 8165823873024               5.2670655

0.00016427747 8184647909376               5.2671061

0.00016467593 8203515461632               5.2671471

0.00016507543 8222426529792               5.2671881

0.000165476     8241381113856               5.2672291

0.00016587765 8260379738112               5.2672706

0.00016628034 8279421878272               5.2673125

0.00016668411 8298507534336               5.267354

0.00016708898 8317637754880               5.267396

0.00016749492 8336812015616               5.2674384

0.00016790193 8356030316544               5.2674809

0.00016831004 8375292657664               5.2675233

0.00016871924 8394600087552               5.2675662

0.00016912953 8413951557632               5.2676091

0.00016954093 8433347592192               5.2676525

0.0001699534   8452788191232               5.2676959

0.00017036701 8472274403328               5.2677398

0.00017078173 8491804655616               5.2677836

0.00017119755 8511380520960               5.2678275

0.00017161448 8531000950784               5.2678719

0.00017203254 8550666993664               5.2679162

0.00017245172 8570378649600               5.267961

0.00017287202 8590135394304               5.2680058

0.00017329348 8609937752064               5.2680511

0.00017371605 8629785722880               5.2680964

0.00017413977 8649679306752               5.2681417

0.00017456462 8669618503680               5.2681875

0.00017499064 8689604362240               5.2682338

0.00017541779 8709635833856               5.26828

0.00017584609 8729713442816               5.2683263

0.00017627557 8749837713408               5.268373

0.00017670621 8770008121344               5.2684197

0.000177138     8790225190912               5.2684669

0.00017757098 8810488922112               5.2685142

0.00017800511 8830798790656               5.2685618

0.00017844043 8851155845120               5.2686095

0.00017887693 8871560085504               5.2686572

0.00017931464 8892011511808               5.2687054

0.00017975351 8912509075456               5.268754

0.00018019359 8933054873600               5.2688026

0.00018063487 8953647857664               5.2688518

0.00018107735 8974288027648               5.2689009

0.00018152101 8994975383552               5.26895

0.00018196591 9015710973952               5.2689996

0.00018241204 9036494798848               5.2690496

0.00018285935 9057325809664               5.2690997

0.00018330791 9078205054976               5.2691498

0.00018375769 9099132534784               5.2692003

0.00018420871 9120108249088               5.2692513

0.00018466095 9141132197888               5.2693024

0.00018511445 9162204381184               5.2693534

0.00018556918 9183325847552               5.2694049

0.00018602517 9204495548416               5.2694569

0.0001864824   9225714532352               5.2695088

0.00018694092 9246981750784               5.2695613

0.00018740066 9268298252288               5.2696137

0.00018786169 9289664036864               5.2696667

0.00018832397 9311079104512               5.2697196

0.00018878756 9332543455232               5.2697725

0.00018925242 9354057089024               5.2698264

0.00018971856 9375620005888               5.2698798

0.00019018598 9397233254400               5.2699342

0.00019065468 9418895785984               5.2699885

0.00019112469 9440608649216               5.2700429

0.00019159603 9462371844096               5.2700977

0.00019206865 9484184322048               5.270153

0.0001925426   9506048180224               5.2702084

0.00019301786 9527961321472               5.2702637

0.00019349443 9549925842944               5.2703199

0.00019397236 9571940696064               5.2703757

0.00019445158 9594005880832               5.2704325

0.00019493214 9616122445824               5.2704887

0.00019541406 9638290391040               5.270546

0.00019589733 9660508667904               5.2706032

0.00019638192 9682778324992               5.2706604

0.0001968679   9705099362304               5.2707186

0.00019735523 9727471779840               5.2707763

0.00019784392 9749896626176               5.2708344

0.00019833396 9772371804160               5.2708931

0.00019882539 9794899410944               5.2709522

0.00019931822 9817479446528               5.2710114

0.00019981241 9840110862336               5.271071

0.000200308     9862794706944               5.2711306

0.00020080499 9885530980352               5.2711906

0.0002013034   9908319682560               5.2712507

0.00020180317 9931160813568               5.2713113

0.00020230436 9954054373376               5.2713723

0.00020280697 9977000361984               5.2714334

0.00020331101 9999999827968               5.2714949

0.00020381648 10023052771328            5.2715569

0.00020432338 10046158143488            5.2716188

0.0002048317   10069316993024            5.2716813

0.00020534148 10092529319936            5.2717438

0.00020585267 10115794075648            5.2718067

0.00020636534 10139113357312            5.2718701

0.00020687949 10162487164928            5.2719336

0.00020739506 10185913401344            5.2719975

0.0002079121   10209395212288            5.2720618

0.00020843063 10232929452032            5.2721262

0.00020895065 10256519266304            5.272191

0.00020947213 10280162557952            5.2722559

0.00020999514 10303861424128            5.2723217

0.00021051962 10327613767680            5.272387

0.0002110456   10351421685760            5.2724533

0.00021157309 10375284129792            5.2725196

0.00021210211 10399202148352            5.2725863

0.00021263263 10423174692864            5.2726531

0.00021316465 10447201763328            5.2727208

0.00021369825 10471285456896            5.2727885

0.00021423337 10495424724992            5.2728562

0.00021477        10519618519040            5.2729244

0.00021530822 10543868936192            5.2729936

0.00021584798 10568174927872            5.2730622

0.00021638929 10592537542656            5.2731314

0.00021693218 10616955731968            5.273201

0.00021747664 10641430544384            5.2732711

0.00021802264 10665960931328            5.2733417

0.00021857026 10690548989952            5.2734122

0.00021911947 10715192623104            5.2734833

0.00021967027 10739893927936            5.2735543

0.00022022268 10764651855872            5.2736263

0.00022077668 10789467455488            5.2736983

0.00022133232 10814339678208            5.2737703

0.00022188955 10839269572608            5.2738433

0.00022244842 10864256090112            5.2739162

0.00022300893 10889301327872            5.2739897

0.00022357106 10914403188736            5.2740636

0.00022413486 10939563769856            5.2741375

0.0002247003   10964782022656            5.2742124

0.00022526739 10990057947136            5.2742872

0.00022583615 11015392591872            5.2743621

0.0002264066   11040785956864            5.2744379

0.00022697872 11066238042112            5.2745137

0.00022755252 11091747799040            5.27459

0.00022812802 11117317324800            5.2746668

0.00022870522 11142945570816            5.2747436

0.00022928409 11168632537088            5.2748213

0.00022986472 11194379272192            5.274899

0.00023044704 11220184727552            5.2749772

0.0002310311   11246049951744            5.2750559

0.00023161688 11271974944768            5.2751346

0.00023220439 11297958658048            5.2752142

0.00023279365 11324003188736            5.2752938

0.00023338471 11350108536832            5.2753739

0.00023397747 11376272605184            5.275454

0.00023457201 11402497490944            5.2755351

0.00023516835 11428783194112            5.2756166

0.00023576645 11455129714688            5.2756982

0.00023636634 11481536004096            5.2757802

0.00023696803 11508004159488            5.2758627

0.00023757151 11534532083712            5.2759452

0.00023817684 11561122922496            5.2760286

0.00023878395 11587773530112            5.2761121

0.00023939289 11614486003712            5.2761965

0.00024000366 11641260343296            5.2762809

0.00024061631 11668096548864            5.2763658

0.00024123077 11694993571840            5.2764511

0.00024184707 11721953509376            5.2765369

0.00024246526 11748975312896            5.2766228

0.00024308533 11776060030976            5.2767096

0.00024370727 11803206615040            5.2767963

0.00024433108 11830415065088            5.2768836

0.00024495678 11857687478272            5.2769718

0.00024558438 11885021757440            5.27706

0.00024621392 11912419999744            5.2771487

0.00024684539 11939881156608            5.2772379

0.00024747875 11967405228032            5.2773271

0.00024811405 11994993262592            5.2774172

0.00024875125 12022644211712            5.2775078

0.00024939046 12050359123968            5.2775984

0.00025003159 12078137999360            5.2776899

0.0002506747   12105980837888            5.2777815

0.00025131981 12133888688128            5.277874

0.00025196691 12161860501504            5.2779665

0.00025261595 12189896278016            5.2780595

0.00025326703 12217997066240            5.2781529

0.00025392009 12246161817600            5.2782469

0.00025457516 12274392629248            5.2783418

0.00025523227 12302687404032            5.2784362

0.00025589141 12331048239104            5.278532

0.00025655259 12359474085888            5.2786279

0.00025721584 12387965992960            5.2787242

0.00025788115 12416522911744            5.278821

0.00025854851 12445145890816            5.2789183

0.00025921795 12473834930176            5.279016

0.00025988949 12502590029824            5.2791142

0.0002605631   12531412238336            5.279213

0.00026123883 12560299458560            5.2793121

0.00026191666 12589253787648            5.2794118

0.00026259662 12618275225600            5.2795119

0.00026327875 12647363772416            5.2796125

0.00026396295 12676518379520            5.2797136

0.00026464937 12705741144064            5.2798157

0.00026533791 12735031017472            5.2799177

0.00026602863 12764387999744            5.2800202

0.0002667215   12793813139456            5.2801232

0.00026741659 12823305388032            5.2802272

0.00026811389 12852866842624            5.2803311

0.00026881337 12882495406080            5.280436

0.00026951506 12912193175552            5.2805414

0.000270219     12941958053888            5.2806468

0.00027092517 12971793186816            5.2807531

0.00027163359 13001695428608            5.2808599

0.00027234427 13031667924992            5.2809672

0.0002730572   13061708578816            5.281075

0.00027377243 13091819487232            5.2811837

0.00027448992 13121998553088            5.2812924

0.00027520972 13152247873536            5.2814016

0.00027593184 13182567448576            5.2815118

0.00027665627 13212956229632            5.2816224

0.00027738302 13243415265280            5.2817335

0.00027811213 13273944555520            5.2818451

0.0002788436   13304544100352            5.2819571

0.00027957739 13335213899776            5.2820697

0.00028031354 13365955002368            5.2821832

0.00028105211 13396766359552            5.2822967

0.00028179307 13427650068480            5.2824116

0.00028253644 13458604032000            5.2825265

0.00028328219 13489629298688            5.2826419

0.00028403039 13520725868544            5.2827578

0.00028478104 13551893741568            5.2828746

0.00028553407 13583133966336            5.2829919

0.00028628964 13614446542848            5.2831097

0.00028704765 13645831471104            5.2832284

0.00028780816 13677288751104            5.2833471

0.00028857111 13708817334272            5.2834668

0.0002893366   13740419317760            5.283587

0.00029010462 13772094701568            5.2837076

0.00029087515 13803842437120            5.2838292

0.00029164823 13835663572992            5.2839513

0.00029242388 13867558109184            5.2840738

0.00029320206 13899526045696            5.2841969

0.00029398283 13931568431104            5.2843208

0.00029476616 13963683168256            5.2844453

0.00029555213 13995873402880            5.2845702

0.0002963407   14028137037824            5.2846961

0.00029713189 14060475121664            5.2848225

0.00029792573 14092887654400            5.2849493

0.00029872221 14125375684608            5.2850771

0.00029952137 14157938163712            5.2852049

0.00030032318 14190575091712            5.2853336

0.00030112767 14223287517184            5.2854633

0.0003019349   14256075440128            5.2855935

0.00030274483 14288939909120            5.2857242

0.00030355746 14321878827008            5.2858558

0.00030437286 14354894290944            5.2859879

0.000305191     14387986300928            5.2861204

0.00030601191 14421153808384            5.2862539

0.0003068356   14454397861888            5.2863879

0.00030766206 14487718461440            5.2865229

0.00030849138 14521116655616            5.2866583

0.00030932346 14554590347264            5.2867942

0.00031015842 14588142682112            5.286931

0.0003109962   14621771563008            5.2870688

0.00031183683 14655478038528            5.2872066

0.00031268041 14689263157248            5.2873459

0.00031352681 14723124822016            5.2874851

0.00031437614 14757065129984            5.2876253

0.00031522836 14791084081152            5.2877665

0.00031608355 14825180626944            5.2879081

0.0003169417   14859356864512            5.2880502

0.00031780277 14893610696704            5.2881937

0.00031866686 14927944220672            5.2883372

0.00031953389 14962356387840            5.2884817

0.00032040395 14996848246784            5.2886271

0.00032127707 15031419797504            5.2887731

0.00032215318 15066071040000            5.2889199

0.00032303238 15100801974272            5.2890673

0.0003239146   15135612600320            5.2892156

0.00032479994 15170503966720            5.2893643

0.00032568836 15205475024896            5.2895141

0.0003265799   15240527872000            5.2896647

0.00032747458 15275660410880            5.2898159

0.00032837241 15310874738688            5.289968

0.00032927337 15346169806848            5.2901206

0.00033017757 15381546663936            5.2902741

0.00033108488 15417004261376            5.2904286

0.00033199548 15452544696320            5.2905836

0.00033290926 15488165871616            5.2907395

0.00033382632 15523869884416            5.2908959

0.00033474664 15559656734720            5.2910538

0.00033567022 15595525373952            5.2912121

0.00033659709 15631476850688            5.2913709

0.00033752728 15667511164928            5.2915306

0.00033846078 15703628316672            5.2916913

0.00033939764 15739828305920            5.291853

0.00034033787 15776112181248            5.2920156

0.00034128147 15812479942656            5.2921786

0.00034222851 15848931590144            5.2923427

0.00034317892 15885467123712            5.2925072

0.0003441328   15922087591936            5.2926731

0.00034509011 15958791946240            5.2928395

0.00034605092 15995580186624            5.2930069

0.00034701519 16032454410240            5.2931747

0.00034798298 16069412519936            5.293344

0.00034895429 16106456612864            5.2935138

0.00034992915 16143585640448            5.293685

0.00035090762 16180800651264            5.2938561

0.00035188958 16218100596736            5.2940288

0.00035287521 16255487574016            5.2942023

0.00035386445 16292960534528            5.2943764

0.00035485736 16330519478272            5.2945518

0.0003558539   16368165453824            5.2947278

0.00035685411 16405897412608            5.2949047

0.00035785805 16443717451776            5.2950826

0.00035886568 16481623474176            5.2952614

0.0003598771   16519617576960            5.2954412

0.00036089224 16557699760128            5.2956219

0.0003619112   16595868975104            5.2958035

0.00036293393 16634126270464            5.2959857

0.00036396051 16672471646208            5.2961693

0.00036499093 16710906150912            5.2963538

0.00036602523 16749428736000            5.2965388

0.00036706339 16788040450048            5.2967253

0.00036810548 16826740244480            5.2969127

0.00036915153 16865530216448            5.297101

0.00037020148 16904409317376            5.2972898

0.00037125542 16943377547264            5.2974801

0.00037231337 16982437003264            5.2976713

0.00037337537 17021585588224            5.2978635

0.00037444133 17060824350720            5.2980566

0.00037551142 17100153290752            5.2982507

0.00037658558 17139573456896            5.2984457

0.00037766388 17179083800576            5.2986417

0.00037874628 17218685370368            5.2988391

0.00037983287 17258379214848            5.2990375

0.00038092359 17298163236864            5.2992363

0.00038201857 17338039533568            5.2994366

0.00038311776 17378008104960            5.2996378

0.0003842212   17418068951040            5.2998405

0.00038532892 17458221023232            5.3000436

0.00038644095 17498466418688            5.3002481

0.00038755735 17538805137408            5.3004537

0.00038867805 17579236130816            5.3006601

0.00038980314 17619761496064            5.3008676

0.0003909326   17660379136000            5.3010764

0.00039206652 17701089050624            5.3012862

0.00039320491 17741895434240            5.301497

0.00039434773 17782794092544            5.3017092

0.0003954951   17823787122688            5.3019223

0.00039664705 17864876621824            5.3021364

0.00039780349 17906058395648            5.3023515

0.00039896456 17947336638464            5.302568

0.0004001302   17988709253120            5.3027859

0.00040130052 18030178336768            5.3030043

0.0004024755   18071741792256            5.3032241

0.0004036552   18113401716736            5.3034453

0.00040483952 18155156013056            5.3036675

0.0004060287   18197008875520            5.3038907

0.0004072226   18238956109824            5.3041153

0.00040842136 18281001910272            5.3043408

0.00040962495 18323144179712            5.3045678

0.0004108334   18365382918144            5.3047957

0.00041204673 18407720222720            5.3050251

0.00041326499 18450153996288            5.3052559

0.00041448823 18492686336000            5.3054876

0.00041571649 18535317241856            5.3057203

0.00041694968 18578044616704            5.3059545

0.00041818796 18620870557696            5.30619

0.00041943134 18663797161984            5.3064265

0.00042067983 18706822332416            5.3066645

0.00042193348 18749946068992            5.3069034

0.00042319222 18793168371712            5.3071442

0.00042445623 18836491337728            5.3073854

0.00042572545 18879912869888            5.3076286

0.00042699996 18923437162496            5.3078728

0.00042827977 18967060021248            5.3081183

0.00042956491 19010783543296            5.3083653

0.00043085543 19054607728640            5.3086133

0.00043215134 19098532577280            5.3088627

0.00043345269 19142560186368            5.3091135

0.00043475945 19186686361600            5.3093657

0.0004360718   19230917394432            5.3096194

0.00043738965 19275249090560            5.3098741

0.00043871309 19319683547136            5.3101306

0.00044004215 19364218667008            5.3103881

0.00044137685 19408858644480            5.310647

0.00044271725 19453601382400            5.3109074

0.00044406336 19498446880768            5.3111691

0.00044541521 19543395139584            5.3114324

0.00044677281 19588446158848            5.3116965

0.00044813627 19633602035712            5.3119626

0.00044950563 19678862770176            5.3122296

0.00045088094 19724228362240            5.3124986

0.00045226212 19769696714752            5.3127689

0.00045364923 19815269924864            5.3130407

0.00045504246 19860950089728            5.313314

0.00045644169 19906733015040            5.3135886

0.000457847     19952622895104            5.3138647

0.00045925853 19998619729920            5.3141422

0.00046067615 20044719325184            5.3144212

0.00046210006 20090927972352            5.314702

0.00046353019 20137241477120            5.3149843

0.0004649667   20183664033792            5.3152676

0.00046640946 20230191448064            5.3155532

0.00046785868 20276827914240            5.3158398

0.00046931425 20323569238016            5.3161283

0.00047077637 20370421710848            5.3164177

0.00047224492 20417379041280            5.3167095

0.00047372008 20464445423616            5.3170023

0.00047520187 20511620857856            5.317297

0.00047669024 20558905344000            5.3175931

0.00047818539 20606298882048            5.3178911

0.00047968724 20653801472000            5.3181906

0.00048119589 20701413113856            5.3184915

0.00048271133 20749135904768            5.3187943

0.00048423372 20796967747584            5.3190985

0.00048576292 20844908642304            5.3194046

0.00048729911 20892960686080            5.3197126

0.00048884237 20941123878912            5.3200221

0.00049039267 20989398220800            5.320333

0.00049195014 21037783711744            5.3206458

0.00049351482 21086282448896            5.3209605

0.0004950866   21134890237952            5.3212767

0.00049666571 21183611273216            5.3215947

0.00049825211 21232445554688            5.3219142

0.00049984583 21281390985216            5.3222361

0.00050144707 21330449661952            5.3225594

0.00050305569 21379621584896            5.3228846

0.00050467189 21428906754048            5.3232112

0.00050629565 21478305169408            5.3235397

0.00050792703 21527816830976            5.3238702

0.0005095661   21577443835904            5.3242025

0.00051121291 21627186184192            5.3245368

0.00051286753 21677041778688            5.3248725

0.00051453005 21727012716544            5.3252106

0.00051620038 21777096900608            5.3255506

0.00051787868 21827298525184            5.325892

0.00051956502 21877615493120            5.3262358

0.0005212595   21928049901568            5.326581

0.00052296213 21978599653376            5.3269286

0.00052467285 22029264748544            5.3272777

0.0005263919   22080047284224            5.3276291

0.00052811927 22130947260416            5.3279824

0.00052985497 22181964677120            5.3283377

0.00053159916 22233099534336            5.3286948

0.00053335179 22284351832064            5.3290539

0.00053511298 22335721570304            5.3294153

0.00053688284 22387210846208            5.3297787

0.00053866144 22438819659776            5.3301439

0.0005404487   22490545913856            5.3305111

0.00054224482 22542391705600            5.3308806

0.00054404984 22594357035008            5.3312521

0.00054586388 22646443999232            5.3316255

0.00054768677 22698648403968            5.3320012

0.00054951891 22750974443520            5.3323793

0.00055136008 22803420020736            5.3327594

0.00055321056 22855987232768            5.3331413

0.00055507029 22908676079616            5.3335257

0.00055693946 22961486561280            5.3339124

0.00055881805 23014418677760            5.334301

0.00056070607 23067472429056            5.3346915

0.0005626037   23120647815168            5.3350849

0.00056451105 23173946933248            5.3354802

0.00056642806 23227367686144            5.3358779

0.00056835491 23280912171008            5.3362775

0.00057029165 23334580387840            5.3366799

0.00057223835 23388372336640            5.3370843

0.00057419506 23442288017408            5.337491

0.0005761619   23496327430144            5.3379002

0.00057813892 23550492672000            5.3383117

0.00058012625 23604781645824            5.3387256

0.00058212387 23659196448768            5.3391418

0.00058413204 23713737080832            5.3395605

0.00058615062 23768403542016            5.3399816

0.00058817986 23823193735168            5.340405

0.00059021969 23878111854592            5.3408308

0.00059227046 23933157900288            5.341259

0.000594332     23988329775104            5.3416901

0.00059640442 24043627479040            5.3421235

0.00059848803 24099055206400            5.3425593

0.00060058263 24154608762880            5.3429976

0.00060268847 24210290245632            5.3434386

0.00060480565 24266101751808            5.3438821

0.00060693413 24322039087104            5.3443284

0.00060907425 24378108542976            5.3447766

0.00061122584 24434305925120            5.3452282

0.00061338919 24490633330688            5.3456821

0.00061556417 24547088662528            5.346139

0.00061775115 24603676114944            5.3465981

0.00061995006 24660393590784            5.3470602

0.00062216097 24717241090048            5.3475246

0.00062438415 24774220709888            5.3479924

0.00062661956 24831330353152            5.3484626

0.00062886742 24888574214144            5.3489356

0.00063112762 24945948098560            5.349411

0.00063340046 25003454103552            5.3498898

0.00063568592 25061092229120            5.3503709

0.00063798425 25118864572416            5.3508554

0.00064029545 25176769036288            5.3513427

0.00064261968 25234807717888            5.3518324

0.00064495701 25292980617216            5.3523254

0.00064730755 25351285637120            5.3528214

0.00064967148 25409726971904            5.3533201

0.00065204891 25468302524416            5.3538222

0.00065443985 25527012294656            5.3543267

0.00065684452 25585858379776            5.3548346

0.00065926299 25644840779776            5.3553457

0.00066169538 25703957397504            5.3558593

0.0006641419   25763212427264            5.3563766

0.00066660246 25822601674752            5.3568964

0.00066907745 25882129334272            5.35742

0.00067156681 25941793308672            5.3579464

0.00067407067 26001595695104            5.3584762

0.00067658938 26061536493568            5.3590088

0.00067912275 26121613606912            5.3595448

0.00068167108 26181829132288            5.3600841

0.00068423455 26242185166848            5.3606267

0.0006868132   26302679613440            5.3611727

0.00068940723 26363314569216            5.3617215

0.00069201674 26424087937024            5.3622742

0.0006946419   26485001814016            5.3628302

0.00069728278 26546056200192            5.3633895

0.00069993961 26607251095552            5.3639522

0.00070261245 26668586500096            5.3645182

0.00070530159 26730064510976            5.365088

0.00070800702 26791683031040            5.3656611

0.00071072893 26853444157440            5.3662376

0.00071346754 26915347890176            5.366818

0.00071622297 26977394229248            5.3674016

0.00071899535 27039583174656            5.3679891

0.00072178489 27101916823552            5.3685799

0.00072459166 27164393078784            5.369175

0.0007274159   27227014037504            5.3697729

0.00073025771 27289777602560            5.3703752

0.0007331174   27352687968256            5.3709812

0.00073599489 27415740940288            5.3715906

0.00073889055 27478940712960            5.3722043

0.0007418046   27542287286272            5.3728213

0.00074473704 27605778563072            5.3734426

0.00074768811 27669416640512            5.3740678

0.00075065799 27733201518592            5.3746967

0.00075364695 27797133197312            5.3753295

0.000756655     27861211676672            5.3759665

0.00075968244 27925439053824            5.3766074

0.0007627295   27989813231616            5.3772526

0.00076579623 28054336307200            5.3779016

0.00076888292 28119008280576            5.3785548

0.00077198975 28183829151744            5.3792119

0.0007751169   28248798920704            5.3798738

0.0007782646   28313919684608            5.3805394

0.00078143302 28379189346304            5.3812094

0.00078462256 28444612100096            5.3818836

0.00078783295 28510181654528            5.3825622

0.0007910651   28575906398208            5.383245

0.00079431856 28641780039680            5.3839321

0.00079759391 28707806773248            5.384624

0.00080089114 28773984501760            5.3853202

0.00080421078 28840315322368            5.3860211

0.00080755277 28906799235072            5.3867264

0.00081091753 28973436239872            5.3874359

0.00081430521 29040226336768            5.3881502

0.00081771601 29107171622912            5.3888693

0.00082115026 29174270001152            5.3895931

0.0008246082   29241523568640            5.3903213

0.00082809001 29308932325376            5.3910546

0.00083159591 29376496271360            5.3917928

0.00083512627 29444215406592            5.3925357

0.00083868136 29512091828224            5.3932834

0.0008422613   29580125536256            5.3940358

0.00084586639 29648314433536            5.3947935

0.00084949692 29716660617216            5.395556

0.00085315318 29785164087296            5.3963237

0.00085683551 29853826940928            5.3970962

0.00086054398 29922647080960            5.3978744

0.00086427905 29991624507392            5.3986573

0.00086804101 30060763414528            5.3994455

0.00087183004 30130059608064            5.400239

0.00087564654 30199517282304            5.4010377

0.00087949075 30269134340096            5.4018416

0.00088336295 30338912878592            5.4026513

0.00088726357 30408850800640            5.4034662

0.00089119276 30478950203392            5.4042869

0.00089515082 30549211086848            5.4051127

0.00089913834 30619633451008            5.4059443

0.00090315542 30690219393024            5.4067817

0.00090720254 30760968912896            5.4076242

0.00091127981 30831879913472            5.408473

0.00091538776 30902954491904            5.4093275

0.00091952656 30974192648192            5.4101877

0.00092369691 31045596479488            5.4110537

0.00092789874 31117163888640            5.4119258

0.00093213265 31188894875648            5.4128041

0.0009363991   31260793634816            5.4136882

0.00094069826 31332858068992            5.4145784

0.00094503042 31405086081024            5.4154749

0.0009493964   31477483962368            5.4163775

0.00095379609 31550045421568            5.4172864

0.00095823035 31622776750080            5.4182014

0.00096269912 31695673753600            5.4191232

0.00096720323 31768740626432            5.4200511

0.00097174285 31841975271424            5.4209857

0.00097631838 31915377688576            5.4219265

0.00098093052 31988952072192            5.4228745

0.00098557945 32062694227968            5.4238286

0.00099026563 32136606253056            5.4247899

0.00099498953 32210688147456            5.4257574

0.00099975173 32284942008320            5.4267325

0.0010045525   32359365738496            5.4277139

0.0010093924   32433961435136            5.4287028

0.0010142721   32508729098240            5.4296985

0.0010191919   32583670824960            5.4307013

0.0010241522   32658782420992            5.4317117

0.0010291537   32734070177792            5.4327288

0.0010341969   32809529901056            5.4337535

0.0010392822   32885163687936            5.4347854

0.0010444102   32960971538432            5.4358249

0.0010495813   33036953452544            5.436872

0.0010547964   33113111527424            5.4379268

0.0010600557   33189445763072            5.4389892

0.00106536        33265956159488            5.4400597

0.0010707095   33342640619520            5.4411373

0.0010761054   33419503337472            5.4422235

0.0010815479   33496544313344            5.4433174

0.0010870377   33573761449984            5.4444194

0.0010925754   33651156844544            5.4455295

0.0010981614   33728730497024            5.4466481

0.001103797     33806484504576            5.4477749

0.001109482     33884414672896            5.4489098

0.0011152178   33962527293440            5.4500532

0.0011210045   34040818171904            5.4512057

0.0011268433   34119291502592            5.4523664

0.0011327346   34197945188352            5.453536

0.001138679     34276779229184            5.4547148

0.0011446775   34355795722240            5.4559021

0.0011507306   34434992570368            5.4570985

0.0011568394   34514373967872            5.4583039

0.0011630044   34593937817600            5.4595184

0.0011692262   34673684119552            5.4607425

0.0011755063   34753617068032            5.4619761

0.0011818446   34833732468736            5.4632187

0.0011882426   34914032418816            5.4644713

0.0011947007   34994516918272            5.4657335

0.0012012202   35075188064256            5.4670053

0.0012078015   35156043759616            5.4682875

0.0012144458   35237086101504            5.4695792

0.0012211541   35318317187072            5.4708815

0.0012279269   35399732822016            5.4721932

0.0012347655   35481337200640            5.473516

0.0012416708   35563130322944            5.4748492

0.001248644     35645112188928            5.4761925

0.0012556855   35727282798592            5.4775467

0.0012627968   35809642151936            5.4789119

0.0012699791   35892194443264            5.4802876

0.001277233     35974935478272            5.4816747

0.0012845596   36057865256960            5.4830728

0.0012919604   36140987973632            5.4844823

0.0012994359   36224299433984            5.4859033

0.0013069878   36307803832320            5.4873357

0.0013146175   36391505362944            5.4887795

0.0013223256   36475395637248            5.4902353

0.0013301134   36559478849536            5.491703

0.0013379826   36643759194112            5.4931827

0.0013459338   36728228282368            5.4946747

0.0013539691   36812898697216            5.4961791

0.0013620891   36897757855744            5.4976959

0.0013702958   36982818340864            5.4992256

0.0013785901   37068071763968            5.5007677

0.0013869737   37153522319360            5.5023232

0.0013954479   37239170007040            5.503891

0.0014040143   37325014827008            5.5054727

0.0014126743   37411056779264            5.5070677

0.0014214298   37497300058112            5.5086761

0.0014302819   37583740469248            5.5102983

0.0014392323   37670378012672            5.5119343

0.0014482834   37757221076992            5.5135846

0.0014574357   37844257079296            5.5152488

0.0014666917   37931498602496            5.5169277

0.0014760534   38018941452288            5.518621

0.0014855216   38106581434368            5.5203295

0.0014950993   38194426937344            5.5220523

0.0015047879   38282473766912            5.5237904

0.0015145894   38370726117376            5.5255442

0.0015245059   38459179794432            5.5273132

0.0015345389   38547834798080            5.529098

0.0015446915   38636699516928            5.5308986

0.001554965     38725765562368            5.5327153

0.001565362     38815037128704            5.5345483

0.0015758846   38904514215936            5.5363979

0.0015865351   38994196824064            5.5382643

0.0015973165   39084089147392            5.5401478

0.0016082304   39174186991616            5.5420485

0.0016192799   39264494551040            5.5439668

0.0016304669   39355007631360            5.5459023

0.0016417948   39445730426880            5.5478559

0.0016532659   39536662937600            5.5498276

0.0016648831   39627805163520            5.5518179

0.0016766486   39719152910336            5.5538263

0.001688567     39810718760960            5.5558543

0.0017006394   39902490132480            5.5579014

0.0017128701   39994475413504            5.5599675

0.0017252616   40086670409728            5.5620532

0.0017378175   40179079315456            5.5641594

0.0017505416   40271702130688            5.5662856

0.0017634368   40364538855424            5.5684323

0.0017765068   40457589489664            5.5706

0.0017897552   40550854033408            5.5727887

0.0018031857   40644332486656            5.5749989

0.0018168028   40738029043712            5.5772309

0.0018306094   40831939510272            5.5794849

0.0018446101   40926063886336            5.5817614

0.00185881        41020410560512            5.5840607

0.0018732124   41114971144192            5.5863829

0.0018878219   41209749831680            5.5887284

0.0019026443   41304750817280            5.5910983

0.0019176826   41399965712384            5.593492

0.0019329434   41495402905600            5.5959101

0.0019484313   41591062396928            5.5983534

0.0019641514   41686939992064            5.600822

0.0019801084   41783035691008            5.6033158

0.0019963097   41879357882368            5.6058364

0.0020127599   41975898177536            5.6083832

0.0020294653   42072660770816            5.6109571

0.002046433     42169649856512            5.6135583

0.0020636686   42266861240320            5.6161876

0.0020811786   42364294922240            5.618845

0.0020989713   42461955096576            5.621531

0.0021170531   42559841763328            5.6242471

0.0021354312   42657950728192            5.6269922

0.0021541147   42756290379776            5.6297679

0.0021731101   42854852329472            5.6325746

0.0021924265   42953640771584            5.6354122

0.0022120737   43052659900416            5.6382818

0.0022320608   43151909715968            5.6411843

0.0022523953   43251381829632            5.6441193

0.00227309        43351088824320            5.6470885

0.0022941532   43451022311424            5.6500916

0.0023155971   43551186485248            5.6531301

0.0023374329   43651581345792            5.6562037

0.0023596734   43752211087360            5.6593137

0.0023823301   43853071515648            5.6624608

0.0024054165   43954162630656            5.6656451

0.0024289461   44055484432384            5.6688685

0.0024529356   44157045309440            5.6721306

0.0024773986   44258836873216            5.6754327

0.0025023525   44360863318016            5.6787758

0.002527816     44463128838144            5.6821604

0.0025538048   44565625044992            5.6855869

0.0025803417   44668360327168            5.6890569

0.0026074452   44771330490368            5.6925721

0.0026351404   44874539728896            5.6961317

0.0026634496   44977983848448            5.6997375

0.0026924014   45081671237632            5.7033916

0.0027220221   45185593507840            5.7070932

0.0027523444   45289759047680            5.7108445

0.0027834002   45394163662848            5.7146468

0.002815227     45498807353344            5.7185011

0.0028478652   45603690119168            5.7224083

0.0028813619   45708820348928            5.7263708

0.0029157647   45814189654016            5.7303891

0.0029511312   45919802228736            5.7344646

0.0029875245   46025658073088            5.7385998

0.0030250167   46131757187072            5.7427959

0.0030636927   46238103764992            5.7470546

0.0031036474   46344693612544            5.7513781

0.0031449923   46451526729728            5.7557688

0.0031878629   46558607310848            5.7602286

0.00323242        46665939550208            5.76476

0.0032788527   46773515059200            5.7693658

0.003327399     46881338032128            5.7740493

0.0033783552   46989412663296            5.7788138

0.0034320892   47097730564096            5.7836637

0.0034890848   47206304317440            5.7886028

0.0035499625   47315125534720            5.7936368

0.0036155586   47424198410240            5.7987719

0.0036870111   47533522944000            5.8040166

0.0037659113   47643099136000            5.8093796

0.0038545469   47752926986240            5.8148737

0.0039563165   47863010689024            5.8205152

0.0040764431   47973346050048            5.8263254

0.004223329     48083933069312            5.8323364

0.0044112187   48194780135424            5.8385949

0.0046658032   48305878859776            5.845171

0.005037453     48417237630976            5.8521857

0.005635859     48528848060416            5.8598523

0.0067377882   48640718536704            5.8685946

0.0092061041   48752849059840            5.8793468

0.016758731     48865235435520            5.8942151

0.051310401     48977881858048            5.9067822

0.050350685     49090788327424            5.8459287

0.016682234     49203954843648            5.8593154

0.0094403643   49317381406720            5.8746004

0.0071601239   49431068016640            5.8860292

0.0062187766   49545018867712            5.8957014

0.0057724677   49659233959936            5.9045444

0.0055500721   49773709099008            5.9129796

0.0054440959   49888448479232            5.9212213

0.0054053343   50003452100608            5.9293919

0.0054087969   50118724157440            5.9375663

0.0054407762   50234260455424            5.9457936

0.0054933052   50350060994560            5.9541087

0.0055615548   50466129969152            5.9625382

0.0056425114   50582467379200            5.9711046

0.0057342653   50699069030400            5.9798241

0.0058356221   50815943311360            5.9887142

0.0059458464   50933086027776            5.9977889

0.0060645388   51050501373952            6.007062

0.0061915256   51168185155584            6.0165472

0.0063268179   51286137372672            6.0262585

0.0064705811   51404366413824            6.0362096

0.0066230828   51522863890432            6.0464149

0.0067847194   51641638191104            6.0568895

0.006955971     51760685121536            6.0676494

0.0071374234   51880004681728            6.0787106

0.0073297685   51999601065984            6.0900917

0.0075337919   52119470080000            6.1018114

0.0077504134   52239620112384            6.1138906

0.0079806484   52360042774528            6.1263518

0.0082256822   52480746455040            6.1392193

0.0084868334   52601726959616            6.1525187

0.0087656034   52722984288256            6.1662793

0.0090637226   52844526829568            6.1805329

0.0093831122   52966346194944            6.1953135

0.0097259851   53088442384384            6.210659

0.010094915     53210827980800            6.226614

0.010492773     53333490401280            6.2432227

0.010922936     53456438034432            6.2605391

0.011389266     53579666685952            6.2786202

0.011896281     53703180550144            6.2975335

0.012449235     53826979627008            6.3173523

0.013054291     53951063916544            6.33816

0.01371872        54075433418752            6.3600521

0.014451142     54200088133632            6.3831372

0.01526188        54325032255488            6.4075413

0.016163314     54450265784320            6.4334087

0.017170392     54575784525824            6.460906

0.018301476     54701596868608            6.4902315

0.019579001     54827694424064            6.5216136

0.02103102        54954085580800            6.5553298

0.022692673     55080770338816            6.5917068

0.024608487     55207744503808            6.6311398

0.026835833     55335012270080            6.6741128

0.029449306     55462569443328            6.7212191

0.032547902     55590424412160            6.7732034

0.036264557     55718572982272            6.8310041

0.04078196        55847019347968            6.8958282

0.046356108     55975759314944            6.9692492

0.053355776     56104797077504            7.0533705

0.062327348     56234132635648            7.1510577

0.074109323     56363765989376            7.2663269

0.09004318        56493697138688            7.4049911

0.1123879          56623930277888            7.5757985

0.14519335        56754461212672            7.7925401

0.19634414        56885294137344            8.0783405

0.28295657        57016429051904            8.4750862

0.44838497        57147861762048            9.0669584

0.83163065        57279604850688            10.04851

2.0940015          57411645734912            11.925263

8.8159161          57543992803328            13.224813

9.570117             57676646055936            4.0061493

5.8305416          57809605492736            1.8529762

3.2389164          57942871113728            1.4915572

1.1970838          58076442918912            2.2749908

0.51875526        58210320908288            3.3841379

0.30547059        58344509276160            4.0449071

0.20688282        58479008022528            4.4763045

0.15218134        58613817147392            4.7850714

0.11852907        58748936650752            5.0206976

0.096413955     58884366532608            5.2093225

0.081224322     59020106792960            5.3661695

0.07048618        59156161626112            5.5007887

0.062774375     59292531032064            5.6195326

0.057224661     59429215010816            5.7268519

0.053294968     59566213562368            5.8260174

0.050640356     59703526686720            5.9195542

0.049044453     59841158578176            6.0095153

0.048381452     59979109236736            6.0976648

0.0485956          60117374468096            6.185617

0.049692649     60255958466560            6.2749562

0.051740669     60394861232128            6.3673434

0.0548806          60534086959104            6.4646392

0.059348889     60673631453184            6.569047

0.065519996     60813498908672            6.6833372

0.073981509     60953689325568            6.8111486

0.085671544     61094202703872            6.9574966

0.10214059        61235039043584            7.1296182

0.12608387        61376202539008            7.3384972

0.16251171        61517688995840            7.6017795

0.2216312          61659498414080            7.9499321

0.32704532        61801639182336            8.4406633

0.54445767        61944107106304            9.1977043

1.1207823          62086902185984            10.534873

3.6384704          62230028615680            13.242212

12.115285          62373482201088            8.2831621

7.9114604          62517271330816            2.3855109

4.8818841          62661387616256            1.3741618

2.6134224          62805835251712            1.2923343

0.89007515        62950618431488            2.2897763

0.41667062        63095732961280            3.2955549

0.25599098        63241187229696            3.8933799

0.17785302        63386972848128            4.2933245

0.13298047        63533094010880            4.5847149

0.10458989        63679550717952            4.8096743

0.08543016        63826347163648            4.99088

0.071888283     63973483347968            5.1417198

0.061980367     64120959270912            5.2706523

0.054537274     64268770738176            5.3833075

0.048830807     64416926138368            5.4835992

0.044388205     64565421277184            5.5743337

0.040891018     64714260348928            5.6575899

0.038118746     64863443353600            5.7349463

0.035914976     65012970291200            5.8076291

0.034166601     65162841161728            5.8766141

0.032790616     65313055965184            5.9426932

0.031725425     65463618895872            6.006525

0.030925188     65614525759488            6.0686636

0.030355725     65765784944640            6.1295938

0.029991996     65917388062720            6.1897392

0.029816089     66069343502336            6.2494898

0.029816067     66221651263488            6.3092055

0.029985109     66374307151872            6.3692303

0.030321043     66527315361792            6.4299016

0.030826177     66680675893248            6.4915605

0.031507429     66834392940544            6.5545602

0.032376636     66988462309376            6.6192713

0.033451345     67142883999744            6.6861

0.034755994     67297666400256            6.7554989

0.036323376     67452801122304            6.8279757

0.038197387     67608296554496            6.9041262

0.040436365     67764152696832            6.9846501

0.043118279     67920365355008            7.0703874

0.046348624     68076934529024            7.1623726

0.050272416     68233868607488            7.2619047

0.055092197     68391163396096            7.3706374

0.06109817        68548823089152            7.4907398

0.068717077     68706843492352            7.6251144

0.078598641     68865228800000            7.7777753

0.091771387     69023979012096            7.954443

0.10994586        69183098322944            8.1636133

0.13614266        69342582538240            8.4184942

0.17612867        69502431657984            8.7409153

0.24210845        69662649876480            9.1698503

0.3639062          69823241388032            9.7825108

0.63204306        69984197804032            10.755939

1.4440875          70145531707392            12.589326

6.2749653          70307230515200            16.322083

12.406641          70469306810368            5.5597444

6.9896803          70631752204288            2.0740578

3.4565322          70794575085568            1.7186337

1.0352087          70957775454208            3.1953263

0.48291099        71121353310208            4.5443163

0.30680209        71285300264960            5.3427348

0.22687629        71449633095680            5.9011035

0.18541923        71614343413760            6.3393035

0.16341271        71779431219200            6.7134304

0.15313393        71944896512000            7.0549326

0.15125923        72110747680768            7.3846622

0.15666033        72276976336896            7.7191267

0.16972378        72443599257600            8.0742769

0.19242558        72610599665664            8.4685659

0.22918282        72777977561088            8.9271908

0.28922531        72945749721088            9.4894104

0.39313003        73113907757056            10.224106

0.59396863        73282451668992            11.269753

1.0670433          73451389845504            12.958327

2.7253599          73620713897984            16.295067

14.892233          73790423826432            19.799477

14.68733             73960528019456            4.137599

9.5882835          74131026477056            1.7142111

6.6249585          74301910810624            1.1361004

4.3087139          74473197797376            1.0275475

1.9402304          74644879048704            1.5592638

0.69484502        74816946176000            3.3016465

0.42205325        74989424345088            4.4640131

0.31321204        75162288390144            5.2726245

0.25878358        75335555088384            5.9130754

0.23024932        75509224439808            6.4656429

0.21700084        75683288055808            6.9738503

0.21457665        75857754324992            7.4661775

0.22135188        76032631635968            7.9649038

0.23750095        76207903211520            8.49088

0.26491094        76383577440256            9.0674715

0.30785933        76559662710784            9.7249699

0.37495145        76736150634496            10.507783

0.48419479        76913041211392            11.48895

0.67781758        77090342830080            12.803932

1.0758837          77268055490560            14.744898

2.1545169          77446179192832            18.093821

7.5992851          77624713936896            25.376883

26.115511          77803651334144            12.025317

16.840681          77983008161792            3.0142901

12.030426          78162784419840            1.6305056

8.7254915          78342963331072            1.3369317

5.4299731          78523561672704            1.7676119

2.2119653          78704579444736            5.0115485

2.0626903          78886008258560            9.4423389

4.3084474          79067864891392            15.498377

21.743532          79250132566016            15.974338

17.106619          79432819671040            2.7444315

13.349911          79615934595072            1.1078254
